-1.539380400258991699e+00
-1.537181285401478359e+00
-1.534982170543965019e+00
-1.532154737155733581e+00
-1.529013144502143096e+00
-1.525243233317834513e+00
-1.520530844337448784e+00
-1.515190136826344958e+00
-1.508278632988445889e+00
-1.499482173558392528e+00
-1.487544121474748682e+00
-1.477176865717900078e+00
-1.470893680410719107e+00
-1.463982176572820038e+00
-1.455814035673484774e+00
-1.446389257712713317e+00
-1.435079524159787567e+00
-1.421884835014707527e+00
-1.415601649707526555e+00
-1.405548553216037000e+00
-1.393924660397752202e+00
-1.385442360233057890e+00
-1.380729971252672161e+00
-1.365336167250078780e+00
-1.359681300473615906e+00
-1.355283070758589226e+00
-1.347114929859253962e+00
-1.341460063082791088e+00
-1.325752099814838658e+00
-1.307530862424013840e+00
-1.299676880790037625e+00
-1.296535288136447139e+00
-1.286796350910316633e+00
-1.279256528541699467e+00
-1.267632635723414669e+00
-1.262606087477669892e+00
-1.259778654089438454e+00
-1.239672461106459345e+00
-1.237473346248946005e+00
-1.234017594329996470e+00
-1.227734409022815498e+00
-1.219252108858121186e+00
-1.211712286489504020e+00
-1.199774234405860174e+00
-1.196318482486910639e+00
-1.184694589668625841e+00
-1.182181315545753453e+00
-1.175898130238572481e+00
-1.170243263462109606e+00
-1.161760963297415294e+00
-1.158305211378465760e+00
-1.147937955621617157e+00
-1.141026451783718088e+00
-1.135999903537973310e+00
-1.132229992353664727e+00
-1.107097251124940840e+00
-1.082278669161576001e+00
-1.078822917242626467e+00
-1.074110528262240738e+00
-1.067827342955059766e+00
-1.058402564994288308e+00
-1.054946813075338774e+00
-1.047406990706721608e+00
-1.042694601726335879e+00
-1.037039734949873004e+00
-1.034840620092359664e+00
-1.025101682866229158e+00
-1.021960090212638672e+00
-1.011906993721149117e+00
-1.005937967679327194e+00
-9.993406231067871737e-01
-9.943140748610423962e-01
-9.914866414728109589e-01
-9.899158451460157160e-01
-9.745220411434223351e-01
-9.723229262859089950e-01
-9.682388558362413633e-01
-9.597565556715470514e-01
-9.544158481604432254e-01
-9.475043443225441564e-01
-9.453052294650308163e-01
-9.396503626885679417e-01
-9.270839920742059981e-01
-9.164025770519983460e-01
-9.126326658676897630e-01
-9.072919583565859369e-01
-9.047786842337135482e-01
-9.010087730494049651e-01
-8.912698358232744589e-01
-8.884424024350430216e-01
-8.831016949239391955e-01
-8.758760318206810780e-01
-8.699070057788591548e-01
-8.661370945945505717e-01
-8.582831129605743570e-01
-8.516857683880343366e-01
-8.463450608769305106e-01
-8.416326718965447817e-01
-8.378627607122361987e-01
-8.344070087932866642e-01
-8.287521420168237896e-01
-8.221547974442837692e-01
-8.174424084638980403e-01
-8.136724972795894573e-01
-8.108450638913580200e-01
-8.086459490338446798e-01
-8.064468341763313397e-01
-8.048760378495360968e-01
-8.033052415227408538e-01
-8.020486044613046595e-01
-8.011061266652275137e-01
-7.703185186600407519e-01
-7.693760408639636061e-01
-7.684335630678864604e-01
-7.671769260064502660e-01
-7.656061296796550231e-01
-7.640353333528597801e-01
-7.618362184953464400e-01
-7.596371036378330999e-01
-7.568096702496016626e-01
-7.530397590652930795e-01
-7.483273700849073506e-01
-7.417300255123673303e-01
-7.392167513894949415e-01
-7.360751587359044557e-01
-7.326194068169549212e-01
-7.288494956326463381e-01
-7.241371066522606093e-01
-7.187963991411567832e-01
-7.150264879568482002e-01
-7.121990545686167629e-01
-7.106282582418215199e-01
-7.059158692614357911e-01
-7.043450729346405481e-01
-7.005751617503319650e-01
-6.946061357085100418e-01
-6.895795874627652644e-01
-6.873804726052519243e-01
-6.842388799516614384e-01
-6.820397650941480983e-01
-6.792123317059166610e-01
-6.779556946444804666e-01
-6.710441908065813976e-01
-6.694733944797861547e-01
-6.657034832954775716e-01
-6.631902091726051829e-01
-6.591061387229375512e-01
-6.578495016615013569e-01
-6.540795904771927738e-01
-6.515663163543203851e-01
-6.433981754549851217e-01
-6.355441938210089070e-01
-6.339733974942136641e-01
-6.308318048406231782e-01
-6.270618936563145951e-01
-6.251769380641603036e-01
-6.229778232066469634e-01
-6.220353454105698177e-01
-6.176371156955431374e-01
-6.160663193687478945e-01
-6.135530452458755057e-01
-6.107256118576440684e-01
-6.069557006733354854e-01
-6.041282672851040481e-01
-6.022433116929497565e-01
-5.981592412432821249e-01
-5.959601263857687847e-01
-5.947034893243325904e-01
-5.934468522628963960e-01
-5.928185337321782988e-01
-5.824512779753296954e-01
-5.818229594446115982e-01
-5.805663223831754038e-01
-5.789955260563801609e-01
-5.761680926681487236e-01
-5.733406592799172863e-01
-5.711415444224039462e-01
-5.683141110341725089e-01
-5.645441998498639258e-01
-5.623450849923505857e-01
-5.585751738080420026e-01
-5.532344662969381766e-01
-5.500928736433476907e-01
-5.485220773165524477e-01
-5.453804846629619618e-01
-5.441238476015257675e-01
-5.431813698054486217e-01
-5.368981844982676499e-01
-5.356415474368314555e-01
-5.334424325793181154e-01
-5.306149991910866781e-01
-5.277875658028552408e-01
-5.230751768224695120e-01
-5.218185397610333176e-01
-5.164778322499294916e-01
-5.155353544538523458e-01
-5.120796025349028113e-01
-5.095663284120304226e-01
-5.048539394316446938e-01
-5.026548245741313536e-01
-5.007698689819770621e-01
-4.976282763283865762e-01
-4.963716392669503819e-01
-4.916592502865646530e-01
-4.882034983676151185e-01
-4.853760649793836812e-01
-4.831769501218703411e-01
-4.816061537950750981e-01
-4.800353574682798552e-01
-4.633849164042502800e-01
-4.467344753402207047e-01
-4.451636790134254618e-01
-4.432787234212711702e-01
-4.410796085637578301e-01
-4.382521751755263928e-01
-4.344822639912178097e-01
-4.294557157454730323e-01
-4.281990786840368379e-01
-4.247433267650873034e-01
-4.225442119075739633e-01
-4.206592563154196718e-01
-4.153185488043158458e-01
-4.121769561507253599e-01
-4.087212042317758254e-01
-4.074645671703396310e-01
-4.018097003938767564e-01
-4.002389040670815135e-01
-3.945840372906186388e-01
-3.914424446370281530e-01
-3.883008519834376671e-01
-3.857875778605652783e-01
-3.845309407991290840e-01
-3.766769591651528692e-01
-3.757344813690757235e-01
-3.741636850422804805e-01
-3.707079331233309460e-01
-3.685088182658176059e-01
-3.650530663468680714e-01
-3.587698810396870996e-01
-3.537433327939423222e-01
-3.512300586710699335e-01
-3.465176696906842047e-01
-3.427477585063756216e-01
-3.402344843835032329e-01
-3.364645731991946498e-01
-3.330088212802451153e-01
-3.308097064227317752e-01
-3.295530693612955808e-01
-3.282964322998593865e-01
-3.151017431547793457e-01
-3.141592653587021999e-01
-3.125884690319069570e-01
-3.107035134397526654e-01
-3.078760800515212281e-01
-3.028495318057764507e-01
-3.000220984175450134e-01
-2.962521872332364303e-01
-2.912256389874916529e-01
-2.871415685378240212e-01
-2.836858166188744867e-01
-2.814867017613611466e-01
-2.752035164541801748e-01
-2.739468793927439805e-01
-2.708052867391534946e-01
-2.682920126162811059e-01
-2.642079421666134742e-01
-2.629513051051772798e-01
-2.585530753901505996e-01
-2.560398012672782109e-01
-2.447300677143524616e-01
-2.346769712228629068e-01
-2.324778563653495667e-01
-2.290221044464000322e-01
-2.252521932620914491e-01
-2.233672376699371576e-01
-2.211681228124238174e-01
-2.151990967706018942e-01
-2.108008670555752140e-01
-2.051460002791123394e-01
-2.029468854215989992e-01
-2.016902483601628049e-01
-1.932079481954684930e-01
-1.919513111340322986e-01
-1.897521962765189585e-01
-1.850398072961332296e-01
-1.818982146425427437e-01
-1.765575071314389177e-01
-1.731017552124893832e-01
-1.649336143131541199e-01
-1.577079512098960024e-01
-1.548805178216645650e-01
-1.507964473719969334e-01
-1.485973325144835933e-01
-1.457698991262521560e-01
-1.445132620648159616e-01
-1.379159174922759412e-01
-1.354026433694035525e-01
-1.306902543890178237e-01
-1.240929098164778033e-01
-1.184380430400149287e-01
-1.146681318557063456e-01
-1.130973355289111026e-01
-1.080707872831663252e-01
-1.064999909563710823e-01
-1.036725575681396450e-01
-9.958848711847201329e-02
-9.330530181129104150e-02
-8.796459430018721548e-02
-8.293804605444243805e-02
-7.853981633941575780e-02
-7.476990515510717472e-02
-7.099999397079859165e-02
-6.785840131720810575e-02
-6.503096792897666845e-02
-6.220353454074523114e-02
-5.529203070284616217e-02
-4.995132319174233615e-02
-4.523893421135660731e-02
-4.146902302704802423e-02
-3.832743037345753834e-02
-3.549999698522610103e-02
-3.330088212771276091e-02
-3.110176727019942078e-02
-2.921681167804512924e-02
-2.764601535124988629e-02
-2.607521902445464335e-02
-2.481858196301844899e-02
-2.356194490158225463e-02
-2.261946710550510886e-02
-2.167698930942796309e-02
-2.073451151335081732e-02
2.104867077940264508e-02
2.199114857547979085e-02
2.293362637155693662e-02
2.387610416763408239e-02
2.513274122907027675e-02
2.638937829050647110e-02
2.796017461730171405e-02
2.953097094409695700e-02
3.141592653625124854e-02
3.361504139376458866e-02
3.581415625127792879e-02
3.864158963950936609e-02
4.178318229309985199e-02
4.555309347740843506e-02
5.026548245779416391e-02
5.560618996889798993e-02
6.251769380679705890e-02
6.534512719502849620e-02
6.817256058325993351e-02
7.131415323685041940e-02
7.508406442115900248e-02
7.885397560546758555e-02
8.325220532049426581e-02
8.827875356623904324e-02
9.361946107734286926e-02
9.990264638452384105e-02
1.039867168341914727e-01
1.068141502224229100e-01
1.083849465492181530e-01
1.134114947949629304e-01
1.149822911217581733e-01
1.187522023060667564e-01
1.244070690825296310e-01
1.310044136550696514e-01
1.357168026354553803e-01
1.382300767583277690e-01
1.448274213308677894e-01
1.460840583923039837e-01
1.489114917805354210e-01
1.511106066380487611e-01
1.551946770877163928e-01
1.580221104759478301e-01
1.652477735792059477e-01
1.734159144785412110e-01
1.768716663974907455e-01
1.822123739085945715e-01
1.853539665621850574e-01
1.900663555425707862e-01
1.922654704000841264e-01
1.935221074615203207e-01
2.020044076262146326e-01
2.032610446876508270e-01
2.054601595451641671e-01
2.111150263216270417e-01
2.155132560366537220e-01
2.214822820784756452e-01
2.236813969359889853e-01
2.255663525281432769e-01
2.293362637124518599e-01
2.327920156314013944e-01
2.349911304889147345e-01
2.450442269804042894e-01
2.563539605333300386e-01
2.588672346562024273e-01
2.632654643712291076e-01
2.645221014326653020e-01
2.686061718823329336e-01
2.711194460052053223e-01
2.742610386587958082e-01
2.755176757202320026e-01
2.818008610274129744e-01
2.839999758849263145e-01
2.874557278038758490e-01
2.915397982535434807e-01
2.965663464992882581e-01
3.003362576835968412e-01
3.031636910718282785e-01
3.081902393175730559e-01
3.110176727058044932e-01
3.129026282979587847e-01
3.144734246247540277e-01
3.154159024208311735e-01
3.286105915659112142e-01
3.298672286273474086e-01
3.311238656887836029e-01
3.333229805462969431e-01
3.367787324652464775e-01
3.405486436495550606e-01
3.430619177724274493e-01
3.468318289567360324e-01
3.515442179371217613e-01
3.540574920599941500e-01
3.590840403057389274e-01
3.653672256129198992e-01
3.688229775318694337e-01
3.710220923893827738e-01
3.744778443083323083e-01
3.760486406351275512e-01
3.769911184312046970e-01
3.848451000651809117e-01
3.861017371266171061e-01
3.886150112494894948e-01
3.917566039030799807e-01
3.948981965566704666e-01
4.005530633331333412e-01
4.021238596599285842e-01
4.077787264363914588e-01
4.090353634978276531e-01
4.124911154167771876e-01
4.156327080703676735e-01
4.209734155814714995e-01
4.228583711736257911e-01
4.250574860311391312e-01
4.285132379500886657e-01
4.297698750115248600e-01
4.347964232572696375e-01
4.385663344415782205e-01
4.413937678298096579e-01
4.435928826873229980e-01
4.454778382794772895e-01
4.470486346062725325e-01
4.636990756703021077e-01
4.803495167343316830e-01
4.819203130611269259e-01
4.834911093879221688e-01
4.856902242454355090e-01
4.885176576336669463e-01
4.919734095526164808e-01
4.966857985330022096e-01
4.979424355944384040e-01
5.010840282480288899e-01
5.029689838401831814e-01
5.051680986976965215e-01
5.098804876780822504e-01
5.123937618009546391e-01
5.158495137199041736e-01
5.167919915159813193e-01
5.221326990270851454e-01
5.233893360885213397e-01
5.281017250689070686e-01
5.309291584571385059e-01
5.337565918453699432e-01
5.359557067028832833e-01
5.372123437643194777e-01
5.434955290715004494e-01
5.444380068675775952e-01
5.456946439290137896e-01
5.488362365826042755e-01
5.504070329093995184e-01
5.535486255629900043e-01
5.588893330740938303e-01
5.626592442584024134e-01
5.648583591159157535e-01
5.686282703002243366e-01
5.714557036884557739e-01
5.736548185459691140e-01
5.764822519342005513e-01
5.793096853224319887e-01
5.808804816492272316e-01
5.821371187106634260e-01
5.827654372413815231e-01
5.931326929982301266e-01
5.937610115289482238e-01
5.950176485903844181e-01
5.962742856518206125e-01
5.984734005093339526e-01
6.025574709590015843e-01
6.044424265511558758e-01
6.072698599393873131e-01
6.110397711236958962e-01
6.138672045119273335e-01
6.163804786347997222e-01
6.179512749615949652e-01
6.223495046766216454e-01
6.232919824726987912e-01
6.254910973302121313e-01
6.273760529223664228e-01
6.311459641066750059e-01
6.342875567602654918e-01
6.358583530870607348e-01
6.437123347210369495e-01
6.518804756203722128e-01
6.543937497432446015e-01
6.581636609275531846e-01
6.594202979889893790e-01
6.635043684386570106e-01
6.660176425615293994e-01
6.697875537458379824e-01
6.713583500726332254e-01
6.782698539105322943e-01
6.795264909719684887e-01
6.823539243601999260e-01
6.845530392177132661e-01
6.876946318713037520e-01
6.898937467288170922e-01
6.949202949745618696e-01
7.008893210163837928e-01
7.046592322006923759e-01
7.062300285274876188e-01
7.109424175078733477e-01
7.125132138346685906e-01
7.153406472229000279e-01
7.191105584072086110e-01
7.244512659183124370e-01
7.291636548986981659e-01
7.329335660830067489e-01
7.363893180019562834e-01
7.395309106555467693e-01
7.420441847784191580e-01
7.486415293509591784e-01
7.533539183313449072e-01
7.571238295156534903e-01
7.599512629038849276e-01
7.621503777613982678e-01
7.643494926189116079e-01
7.659202889457068508e-01
7.674910852725020938e-01
7.687477223339382881e-01
7.696902001300154339e-01
7.706326779260925797e-01
8.014202859312793414e-01
8.023627637273564872e-01
8.036194007887926816e-01
8.051901971155879245e-01
8.067609934423831675e-01
8.089601082998965076e-01
8.111592231574098477e-01
8.139866565456412850e-01
8.177565677299498681e-01
8.224689567103355969e-01
8.290663012828756173e-01
8.347211680593384919e-01
8.381769199782880264e-01
8.419468311625966095e-01
8.466592201429823383e-01
8.519999276540861644e-01
8.585972722266261847e-01
8.664512538606023995e-01
8.702211650449109825e-01
8.761901910867329057e-01
8.834158541899910233e-01
8.887565617010948493e-01
8.915839950893262866e-01
9.013229323154567929e-01
9.050928434997653760e-01
9.076061176226377647e-01
9.129468251337415907e-01
9.167167363180501738e-01
9.273981513402578258e-01
9.399645219546197694e-01
9.456193887310826440e-01
9.478185035885959842e-01
9.547300074264950531e-01
9.600707149375988791e-01
9.685530151022931911e-01
9.726370855519608227e-01
9.748362004094741629e-01
9.902300044120675437e-01
9.918008007388627867e-01
9.946282341270942240e-01
9.996547823728390014e-01
1.006252126945379022e+00
1.012221152987200945e+00
1.022274249478690500e+00
1.025415842132280986e+00
1.035154779358411492e+00
1.037353894215924832e+00
1.043008760992387707e+00
1.047721149972773436e+00
1.055260972341390602e+00
1.058716724260340136e+00
1.068141502221111594e+00
1.074424687528292566e+00
1.079137076508678295e+00
1.082592828427627829e+00
1.107411410390992668e+00
1.132544151619716555e+00
1.136314062804025138e+00
1.141340611049769915e+00
1.148252114887668984e+00
1.158619370644517588e+00
1.162075122563467122e+00
1.170557422728161434e+00
1.176212289504624309e+00
1.182495474811805281e+00
1.185008748934677669e+00
1.196632641752962467e+00
1.200088393671912002e+00
1.212026445755555848e+00
1.219566268124173014e+00
1.228048568288867326e+00
1.234331753596048298e+00
1.237787505514997832e+00
1.239986620372511172e+00
1.260092813355490282e+00
1.262920246743721719e+00
1.267946794989466497e+00
1.279570687807751295e+00
1.287110510176368461e+00
1.296849447402498967e+00
1.299991040056089453e+00
1.307845021690065668e+00
1.326066259080890486e+00
1.341774222348842915e+00
1.347429089125305790e+00
1.355597230024641053e+00
1.359995459739667734e+00
1.365650326516130608e+00
1.381044130518723989e+00
1.385756519499109718e+00
1.394238819663804030e+00
1.405862712482088828e+00
1.415915808973578383e+00
1.422198994280759354e+00
1.435393683425839395e+00
1.446703416978765144e+00
1.456128194939536602e+00
1.464296335838871865e+00
1.471207839676770934e+00
1.477491024983951906e+00
1.487858280740800510e+00
1.499796332824444356e+00
1.508592792254497716e+00
1.515504296092396785e+00
1.520845003603500611e+00
1.525557392583886340e+00
1.529327303768194923e+00
1.532468896421785409e+00
1.535296329810016847e+00
1.537495444667530187e+00
1.539694559525043527e+00
